# vtk DataFile Version 2.0
circle, Created by Gmsh
ASCII
DATASET UNSTRUCTURED_GRID
POINTS 511 double
1 0 0
0.9957341762950346 0.0922683594633019 0
0.9829730996839018 0.1837495178165702 0
0.9618256431728192 0.2736629900720826 0
0.9324722294043559 0.3612416661871526 0
0.8951632913550626 0.4457383557765379 0
0.8502171357296144 0.5264321628773554 0
0.7980172272802397 0.6026346363792561 0
0.7390089172206595 0.6736956436465568 0
0.6736956436465575 0.7390089172206588 0
0.602634636379257 0.798017227280239 0
0.5264321628773564 0.8502171357296138 0
0.4457383557765389 0.895163291355062 0
0.3612416661871537 0.9324722294043555 0
0.2736629900720834 0.9618256431728189 0
0.1837495178165712 0.9829730996839017 0
0.0922683594633029 0.9957341762950345 0
9.494087373912441e-016 1 0
-0.092268359463301 0.9957341762950346 0
-0.1837495178165693 0.982973099683902 0
-0.2736629900720818 0.9618256431728194 0
-0.3612416661871523 0.932472229404356 0
-0.4457383557765374 0.8951632913550628 0
-0.5264321628773552 0.8502171357296145 0
-0.602634636379256 0.7980172272802398 0
-0.6736956436465565 0.7390089172206596 0
-0.7390089172206586 0.6736956436465577 0
-0.7980172272802389 0.6026346363792572 0
-0.850217135729614 0.5264321628773561 0
-0.8951632913550622 0.4457383557765384 0
-0.9324722294043557 0.3612416661871533 0
-0.961825643172819 0.2736629900720831 0
-0.9829730996839018 0.1837495178165704 0
-0.9957341762950346 0.09226835946330185 0
-1 1.224606353822377e-016 0
-0.9957341762950345 -0.09226835946330206 0
-0.9829730996839018 -0.1837495178165701 0
-0.9618256431728189 -0.2736629900720833 0
-0.9324722294043557 -0.3612416661871531 0
-0.8951632913550622 -0.4457383557765386 0
-0.8502171357296141 -0.5264321628773558 0
-0.798017227280239 -0.602634636379257 0
-0.7390089172206589 -0.6736956436465575 0
-0.6736956436465571 -0.7390089172206592 0
-0.6026346363792557 -0.7980172272802399 0
-0.5264321628773554 -0.8502171357296144 0
-0.4457383557765373 -0.8951632913550628 0
-0.3612416661871521 -0.9324722294043561 0
-0.2736629900720814 -0.9618256431728195 0
-0.1837495178165691 -0.982973099683902 0
-0.09226835946330103 -0.9957341762950346 0
7.044874666267686e-016 -1 0
0.09226835946330332 -0.9957341762950344 0
0.1837495178165714 -0.9829730996839016 0
0.2736629900720836 -0.9618256431728188 0
0.3612416661871534 -0.9324722294043556 0
0.4457383557765393 -0.8951632913550618 0
0.5264321628773566 -0.8502171357296137 0
0.6026346363792576 -0.7980172272802386 0
0.6736956436465581 -0.7390089172206583 0
0.7390089172206598 -0.6736956436465564 0
0.7980172272802399 -0.6026346363792559 0
0.8502171357296149 -0.5264321628773546 0
0.8951632913550628 -0.4457383557765373 0
0.9324722294043564 -0.3612416661871514 0
0.9618256431728193 -0.2736629900720823 0
0.9829730996839021 -0.1837495178165683 0
0.9957341762950346 -0.09226835946330109 0
-0.841012924425845 -0.05717396405439731 0
0.085111670951708 0.1289264858162833 0
-0.5573586121059376 0.6312601216120162 0
-0.8050945036197896 -0.2385974876602722 0
-0.2663558575133558 -0.2006728053871215 0
0.02000016121054941 -0.1637801134670249 0
0.4509370026341266 0.4810134972108487 0
-0.09585063836855647 0.3414837703145482 0
-0.2903103930440459 0.8015485530067253 0
-0.3650999710059811 0.5039394919097354 0
-0.6822050622179235 0.5006100680368782 0
-0.542807319633951 0.3070078885194442 0
-0.3703655310452669 0.1377077602569377 0
-0.6224652528039326 0.0243691485767545 0
0.6268545791045798 -0.210038268014022 0
0.1525122625663232 -0.06066634411578068 0
-0.5824970895580062 -0.2405989303637227 0
-0.1413363107805197 -0.1011056359643337 0
0.08729260277612011 -0.6529111850868102 0
-0.685162505082231 -0.5193647449390848 0
0.7604399196852177 0.4324784507279413 0
0.8555712870133603 0.2007529593276285 0
-0.04071153101143162 0.1871949176981687 0
-0.1012387759384919 0.858813867868001 0
-0.3545455701474008 -0.8041153005193672 0
-0.1638590912759374 0.06887638544123909 0
0.5015968093249442 -0.3013666026067986 0
0.5931711857360705 0.2752282806422293 0
0.5306467168879153 -0.4344705243709235 0
0.8628734082301751 -0.0529138486999576 0
0.5118699213253765 0.7138604743773853 0
0.7204755627004219 -0.4777712397858528 0
0.5617799395565231 -0.675801211416764 0
0.1861272247448003 -0.3678764066165844 0
0.1598570316115951 0.8551595875553596 0
-0.4736548422146195 0.7359627702308872 0
0.3477911723254168 -0.802726819827846 0
-0.23663352939048 0.6072833900808982 0
-0.6597766213152576 0.1864775475208615 0
0.3391755960850709 0.4719184849097195 0
-0.1065396828262312 -0.8579042429072645 0
0.2447809419541179 0.5938214114249425 0
-0.5691068144800707 -0.6546767692025688 0
-0.4564500123506196 0.03544400087975595 0
0.3423574940694702 0.1846766016995011 0
0.684974240929475 0.552145494473446 0
-0.8094934015701961 -0.3372031229228089 0
0.5831837693287452 -0.06137594488876532 0
0.3968071303117207 0.7621750639153404 0
-0.3833515204476666 -0.5431377146372044 0
-0.8714227268144891 0.06153294966580641 0
-0.2454556469806373 -0.3467747207517196 0
0.685292208148033 0.02692887191588329 0
0.4867886243208769 0.3532675252094508 0
-0.8207957264656065 0.2329396684082099 0
0.3117037894727731 -0.5848226444126594 0
-0.2392430432474462 0.3332407027048117 0
0.1796460576088806 -0.5715442012422211 0
-0.1169782021127593 -0.6113731433404146 0
-0.5324355389893626 -0.3862040193607822 0
-0.02379860723476076 0.6251857818104051 0
0.413234639692646 -0.05568710965467275 0
0.2379513673102369 0.3537523387215538 0
0.3575166911388732 -0.4253858387221935 0
-0.2483278193381371 0.1040237047889165 0
-0.4152849232821938 -0.4209071945936014 0
0.1516986414873725 0.7264660950618997 0
-0.3916826828468417 0.7997724871578481 0
-0.2830904389451571 -0.6968674169550618 0
-0.4609436275930962 0.5555069970304144 0
-0.3552062649623904 -0.1147449752401303 0
-0.7734249817067966 0.4145793872025664 0
0.09665903422890657 0.5170801622635489 0
0.07737448242681634 0.4125974935795628 0
-0.2037564619276754 0.8739233638631396 0
0.3808960505422975 0.09219634689947842 0
-0.7202079793554041 -0.01374365283142424 0
-0.1856873457975481 -0.6700521403865456 0
0.2306911247369215 -0.8502434573875458 0
0.7429577267029756 0.1573190016452484 0
-0.415050017078711 0.4032438401338735 0
-0.2290914863258888 -0.4990824131077685 0
0.01219600690102828 -0.5960930903858234 0
0.5434188991523159 0.12293348472625 0
-0.7630398987998117 -0.4655972935539483 0
0.0305695916629329 -0.8743855986793737 0
0.2990169888279838 0.6630775120844155 0
0.04201435508772351 0.7020167879755744 0
-0.6778706747161299 -0.2298471306844086 0
-0.5887698229964966 -0.07790497685166278 0
-0.06036221819125823 -0.3667358803562972 0
-0.6547947738557259 0.6001310743788996 0
-0.8732943418838198 -0.1587034256841719 0
0.1693462739034044 0.05047165417632396 0
0.7933770638592249 -0.3829949952738684 0
-0.2614625831629424 0.2099176101064066 0
0.3654337772855691 -0.2045666187391789 0
-0.6015872827434531 0.3849976715998391 0
0.4996861419410231 -0.5701176103033614 0
-0.4364278836305292 0.2112314802527057 0
0.8538803745249159 -0.1907170184160697 0
-0.1208443309362327 0.5520312330252547 0
0.6779645732566912 0.23729754831695 0
0.6599565729546769 0.3435967348560555 0
0.6568794142830152 0.6290358617680273 0
-0.5126046604258676 -0.74831056630945 0
0.4415207446606317 -0.382400315448263 0
0.4387721620630128 -0.7939746815170236 0
-0.003878397879848984 0.8988295072670324 0
-0.2366071559855118 -0.1096097040449993 0
0.9066756048399861 0.03917304464531712 0
0.3283111671408659 0.8367325155834529 0
-0.1042963607026182 0.4594565263477181 0
0.2232433708812437 0.1242670322441862 0
-0.4724086415756917 -0.2003120519841477 0
-0.02355830599145649 -0.4599822656141243 0
0.1297952831043574 0.235468151413881 0
0.7138140394753894 -0.1966790851514972 0
-0.5795512847712693 0.5368304519722611 0
-0.7865108991502091 -0.140327655120663 0
-0.2047515783870203 -0.8834681606866972 0
0.2451276344174667 -0.0300369294985251 0
-0.04488458833094007 0.7535735515897379 0
-0.0228343616078756 -0.2550232683901305 0
0.5827888354922606 0.03908634603265491 0
0.6999357187013413 -0.5776548879086679 0
-0.3122226238802241 0.4032734415431664 0
-0.8382382801035256 0.3313005837097955 0
0.467400739885345 0.5788708028210513 0
0.8285793261059863 0.3693825581965204 0
-0.659378092004939 -0.6134488720086294 0
0.258630521346525 -0.2977321745970136 0
-0.281247810156262 0.6948984950514461 0
0.5402974880679977 0.5018149087515699 0
0.0614065559422601 -0.7383589603851416 0
0.08651043975896087 -0.2313856520107749 0
-0.3549135556262422 -0.6259004979838372 0
-0.4515985125884456 -0.5960546047040026 0
-0.05735332971894304 0.08287614822999441 0
-0.6184731495540475 -0.434908979551032 0
0.4023745985674633 -0.5984375164654142 0
0.321418310849396 -0.6722552604293768 0
-0.8855226502352537 0.1612252955598197 0
0.1495940322276605 -0.4450062274528366 0
0.3997328387031485 0.2606576323443296 0
-0.08381247739715435 -0.1786632956791903 0
0.6899993921289235 -0.2925773181596899 0
0.3367586041020848 -0.01145962995979585 0
-0.197088702321128 -0.02845433796752629 0
0.2049948711176745 0.656053646878857 0
0.07816908898093716 0.04705869592637803 0
-0.5900209377972471 0.7184898111780418 0
-0.2677498378302418 0.4975159248948148 0
0.1366947875628579 -0.8984963585813712 0
0.2196229530138129 -0.1311963716545674 0
-0.04217369935007058 -0.0904263402588984 0
0.1593087759987017 -0.7323349671753463 0
-0.1717702545206815 -0.1878655660323757 0
-0.01594054331235752 0.3883602815118053 0
0.5212299759424468 -0.742352210778111 0
0.05511304898279166 -0.07870460038223227 0
-0.4318459674470784 -0.7977810155293591 0
0.8977051556715644 0.1358941047004386 0
0.6344896848719649 -0.6494340567006902 0
0.2507872140527261 0.8652381872941224 0
0.09555271501427581 0.9080291215593032 0
-0.6091965413878498 0.1181741660272219 0
-0.776267646451655 0.5153975001958251 0
-0.5932884167242306 -0.3356483480961871 0
0.1434086073040531 0.3396074660072735 0
-0.3276122417676788 -0.3288800620561158 0
-0.9276673155711527 -0.03078353549371684 0
-0.8780097858943022 -0.2991487051983678 0
0.8633112174185928 0.2783266711255713 0
0.2771714747386858 -0.2053412501837084 0
0.6255288371082658 -0.4515970966328486 0
-0.1237962066996874 -0.7609487310067479 0
0.8580801493467173 -0.2994655716905636 0
-0.3551772421182604 -0.2116149816992042 0
0.2919998181939226 0.276068522891896 0
-0.1604223933095729 -0.355355757102352 0
-0.298320600239439 -0.8569811528077377 0
0.77150502352552 -0.01737350268873996 0
-0.3950765151536197 -0.03773220920191057 0
-0.7595263893714506 -0.5427866563298331 0
-0.104594782077965 0.2519941014215472 0
0.09660250391982504 -0.5694113017082748 0
0.5806025314594694 0.6959025732430424 0
-0.003556573176543361 -0.6734276443246916 0
0.5933460079758132 -0.2916620205643902 0
-0.07429197938566791 -0.5395106058306433 0
0.5671231919278492 -0.1444028118707474 0
0.4229340086791026 0.4023892143553098 0
0.68469554695346 0.4548013739864732 0
-0.3076234925806766 -0.5250740019219357 0
0.5372959563469083 -0.2250735090937813 0
0.8174880549160994 -0.1137555066068872 0
-0.04216579498709475 -0.9166983523278708 0
-0.4568592746958179 0.3258278093295687 0
-0.7211995158454374 0.2497958498106771 0
-0.3224653221835072 0.5909106170640362 0
-0.1010746448720479 -0.01392432512678565 0
0.3921496771000105 0.538005391383193 0
-0.7978389848410186 0.01708541503025097 0
-0.4480491441750608 0.1184249439848775 0
-0.7285678610986038 -0.2923029306709674 0
-0.625813696277471 0.2898181748457506 0
-0.6209805011468181 -0.1730102344757987 0
-0.68602838980792 0.411610077950315 0
0.04355420351333455 0.2077122024719541 0
0.7178204078747092 -0.3924598231833371 0
0.1678092794044273 -0.640847122539267 0
0.264013945502033 -0.7722923527318263 0
-0.03887407847160042 -0.8242444331633452 0
0.5132916410307916 0.4177561668279217 0
-0.6838204190048056 0.08626192502166641 0
0.2995129019933488 -0.8712905676002451 0
-0.1894496389250364 0.7777250689968452 0
0.4655138626883631 0.7874535068627232 0
-0.1518927454082783 0.6333573685111077 0
0.2669610014124798 0.424537366766927 0
-0.5777285706742076 0.2214833165376095 0
0.07016819139182481 -0.4082010069915447 0
0.3328269888666739 -0.5097867421673499 0
0.2794944673490981 -0.3732331488055279 0
-0.1735128838375031 0.3802429874433481 0
-0.589245403789093 -0.5446143581546845 0
-0.1214058007212917 0.1471618498244514 0
-0.4999035372985303 -0.294428746111066 0
0.1234468305828583 -0.1501778653593507 0
-0.5485211664767529 -0.1542281890475572 0
-0.5247959682573501 -0.01042809639499112 0
0.4410738225013176 -0.2360057630005294 0
0.4947356056590774 -0.07681808260549111 0
-0.02775127339049216 0.2882400997356176 0
0.7591711840127403 0.5194539360871502 0
0.1758549059500573 0.5573212676318043 0
-0.4582204186862442 0.6514135969724747 0
0.442432417982939 0.6831214969997231 0
-0.1772556870403368 -0.5670448706824721 0
0.5526874608792788 0.2079086803351055 0
-0.4871159903599733 -0.4508221977801599 0
-0.3448373195933211 0.06336179946517675 0
0.9088377653600839 -0.1269950380243882 0
0.6484020513372003 -0.1278563956477737 0
-0.2955912548260074 0.8812213025311733 0
0.04625505728152705 0.5836165317900073 0
0.8009426093148234 -0.4533287970363341 0
-0.3480727841784494 0.7350072646506103 0
0.4561428930300843 0.1286708234514487 0
-0.2171045008188796 -0.4189792555685766 0
-0.1288110958635323 0.9274225490675062 0
-0.5085484474432456 0.3778844070942473 0
0.4940096022661075 -0.49117546133696 0
-0.04675751158171888 0.5489191893460416 0
0.6889010489957689 0.09501119915222082 0
-0.8950169422989661 0.2835785805013791 0
-0.6958178974184569 -0.4336297780081431 0
-0.8100543376866849 0.1549795146970076 0
-0.5388279055679546 0.07517156349140384 0
0.008893622165491753 0.1344255489330507 0
-0.09161281924414874 -0.682913342153011 0
0.3154325020473852 0.5641314306115207 0
0.6644969307137665 -0.04871719781123259 0
0.5596386689728181 -0.3615717030976378 0
-0.1709309366092124 0.2961549168198585 0
-0.4380845897950715 0.480853733432114 0
0.4987896823279799 0.2835011266147854 0
-0.2218721767031228 -0.7810981424702341 0
0.47132706708726 0.2080305516206622 0
0.2371455427451905 -0.4489341916861808 0
0.8114364866274492 0.07518334704440144 0
-0.2976620161803816 -0.4210788825720238 0
0.2314534922777376 0.2040133303904961 0
0.03186117377174302 -0.3264006221959374 0
0.1748025349112346 0.4421954584881142 0
0.5666869923752336 0.5903574325647203 0
0.7865355008633982 -0.2636201302026295 0
0.1146059774950922 -0.8215833111065977 0
0.3235668417023189 -0.1107991426777911 0
-0.4345846051943915 -0.6926364233439245 0
0.3619938140939078 -0.3123245615637352 0
-0.1350571009477679 -0.4611942109367705 0
0.4259441564508472 -0.6974454064369001 0
0.7602155336096101 0.29988474758349 0
0.4764918242664408 0.03305673290106817 0
0.008698054713337592 0.4813251123623934 0
0.6022322061645792 -0.5489973382096135 0
-0.4684860416954672 0.8110974263922827 0
-0.4215188529851472 -0.137668861957346 0
-0.6429757769252251 0.672517113607235 0
0.2528345803933909 0.5089875699721713 0
0.3818428692256225 -0.8561391852629254 0
0.2446828046810244 -0.532175192521007 0
-0.7691655525977397 0.3042206275520867 0
0.7846573155268947 0.2242435645487659 0
0.1183936982919608 -0.3022204431449182 0
-0.6539089000707616 -0.04538541743339349 0
0.7713983455968469 -0.5326564312308358 0
0.9365863836316263 -0.03980235315849457 0
-0.24998036572539 0.03222809978875008 0
0.7842836178802278 -0.1786988519561839 0
0.6156116430034374 0.5312473656120643 0
-0.5314317230128184 0.7707338670520817 0
0.5125243658987597 0.6472801227723949 0
-0.3607841915177266 -0.7307975349627353 0
-0.3680153601306359 -0.4681726874191603 0
0.4352299448866689 -0.3089829056292906 0
-0.5235487097180739 -0.596299000154134 0
-0.276485043223245 -0.2704618413401876 0
0.03066454784313173 -0.8036282662726054 0
0.7257145544252364 0.6026257027457014 0
0.1115720401827818 0.7992740250554783 0
0.2163431531195632 -0.9198346895992737 0
-0.5079333439932906 0.2447751033548446 0
0.2441338588769698 -0.6182511919101318 0
0.8644198059635434 -0.3816786805021466 0
-0.3805539270828199 -0.8620356505786839 0
0.9173035465076264 0.2157156113473254 0
0.1816902570759738 -0.7992908297984285 0
-0.4491574625391264 -0.361379240698408 0
-0.7413382624665766 -0.1967021594586756 0
-0.7300587254052404 0.5784937845274835 0
-0.9002394748509266 -0.2307724252862931 0
0.04364031913250512 -0.9439257061008151 0
0.6020279404718578 -0.7249423141816743 0
0.4020561204989852 0.8357396748403393 0
0.7522958873862046 -0.3254659397509991 0
-0.4940609680640878 -0.6591014313546482 0
-0.0361209927449425 0.8215845389083868 0
0.7369349503560699 0.3710793984949149 0
-0.6098174747549848 0.4653769168480472 0
0.9198346895992752 -0.2163431531195621 0
0.325110973395728 0.7370135285988969 0
0.4093597636984462 -0.1372080359392333 0
0.5629146507074463 0.3490436244251582 0
0.4047865235410061 0.01675744525456847 0
-0.1985791440472106 0.6864636774825111 0
-0.7335436038450875 0.1673963962136136 0
-0.07093662291781962 0.6830966497086001 0
-0.2310342262780478 0.2684525114653049 0
-0.6013289402752461 -0.7236386722225836 0
0.820298967395957 0.4569035267094187 0
-0.1952968543389162 0.5312923195592026 0
-0.3041450050761511 0.2967402546706114 0
0.5333413860079032 -0.01421196153364898 0
0.3662155178365955 -0.7358265164461303 0
-0.3422334112400961 0.2143192038420553 0
-0.1062059992011752 0.783512151943358 0
0.2897163119260516 0.1350642318657184 0
-0.1329726539269554 -0.9279528838409551 0
0.4922948019279562 -0.6508044484994741 0
0.8164353832274973 0.1544006604325646 0
-0.3956012748341833 0.5927065380489211 0
-0.2058624488764578 -0.2723176681542647 0
0.004527210245213274 -0.3903299437894758 0
0.09427558131223676 -0.01654306000520949 0
-0.1642399111540154 -0.8208548192677358 0
0.4307373048764168 0.3314599669529284 0
-0.4430770695616394 -0.5054455308294704 0
-0.2392924240096131 0.4040118980572673 0
-0.8275947458871308 -0.4279545461996539 0
0.158617135167477 0.1591447264399028 0
0.8408345205917298 0.01270201376116471 0
-0.2999006940470245 -0.7731625172401166 0
-0.9241363715719506 -0.1045357605024316 0
0.18807340363273 0.7955516819205516 0
-0.9448669391314445 0.04368383496173652 0
0.6630037761140055 -0.516236300407071 0
-0.72725175185362 -0.594735861749951 0
0.5588909780418175 -0.6146316018261041 0
0.3158073968661719 -0.254991151270909 0
-0.5234187444382973 0.6955088594370181 0
-0.8501665917689666 0.4001126593523656 0
-0.05307941443776874 -0.6305047225730798 0
-0.4085815525256485 0.716783621255953 0
-0.08284596361576205 0.6085180444802818 0
0.4573300608913612 -0.4481451456959008 0
-0.8679473681016938 -0.3755978501254482 0
-0.9171879562635337 0.2217666589773062 0
0.1927218937134503 0.9146451278531013 0
0.6150162849592918 0.2183614310156011 0
0.1895951762774171 -0.2965618724135579 0
0.3679317750975294 0.6906987451211835 0
0.5555549906325645 -0.4964265882323524 0
-0.2968011879188208 -0.141030877880167 0
0.009375516938509566 -0.522190107485386 0
-0.6537642516613412 -0.2954927419739561 0
-0.3605983825450755 0.8648563558686475 0
-0.06421317648562999 0.9358000598318429 0
0.1632363298934092 -0.5092536910065929 0
0.6350250540660048 0.08202461163677498 0
-0.4613850421559094 -0.02692153973248069 0
-0.9317036476082277 0.109613173214323 0
-0.2057908988787817 0.1469241329302932 0
0.01850848147189596 0.07217277888369482 0
-0.2998646812889049 0.1509841421023378 0
0.7424527048228494 0.06171183029442737 0
-0.8285380340985427 0.4614926567495997 0
-0.3703258244382513 0.3486496546178306 0
0.4100912686864521 0.174846391203084 0
-0.7683136870118301 -0.0701735104970246 0
-0.6485320429309186 -0.680118376643 0
-0.3713540513433629 -0.3842613746221236 0
-0.7467366117799201 -0.3863565743386063 0
0.203533323013463 0.2857948007620799 0
0.5374106229459643 0.7690901834986007 0
-0.5486852135843033 -0.4685467767646161 0
0.05661920671572371 0.3070164808442415 0
-0.4104102133174982 -0.2946491166083999 0
-0.5258436713319471 0.1583250221348951 0
0.1160415646268863 0.6288146436313905 0
-0.5154704749066822 0.4615873284658294 0
0.4864258576257597 -0.1623141518042676 0
-0.1957915440308323 0.4540890920450916 0
-9.680819606006323e-015 8.854176714956336e-015 0
0.4214818824787292 -0.5096809984347505 0
0.6362419199651271 0.1530112147681195 0
0.3454413703509757 0.3574843362407663 0
-0.6900116754933946 -0.1206153833694366 0
0.07174703817787428 -0.4884510314290378 0
0.1880487855827339 -0.2264585463540515 0
-0.2639872524715576 -0.5978741313454902 0
-0.672656933284096 -0.3622566712165637 0
-0.1336719963559966 0.7190540647722586 0
-0.7639321589792799 0.09172023606347526 0
0.23602416827597 -0.6938431999817801 0
-0.03573317935061458 -0.7390749460639708 0
0.2740554917065846 0.06305564865747554 0
-0.4789377365417495 -0.09209951066672452 0
0.6090122674187126 0.4176484585971122 0
0.733424141260127 -0.1057525976367247 0
-0.5161559852290399 -0.5261843289764219 0
-0.1814241893020346 0.2131085681195534 0
-0.699512563158026 0.3334484088960004 0
-0.1146854977112544 -0.2727753183118319 0
-0.3816344451117477 0.2844943894174763 0
0.2507360378360283 0.7632267565930685 0
-0.2957888960984263 -0.04666705278405572 0
0.03043379460781696 0.8120454452919662 0
0.3800376699122476 0.620629568392373 0
-0.3712770347020879 0.6617619872679453 0
0.6421235026251016 -0.3634833756437671 0

CELLS 1021 4014
1 0
2 0 1
2 1 2
2 2 3
2 3 4
2 4 5
2 5 6
2 6 7
2 7 8
2 8 9
2 9 10
2 10 11
2 11 12
2 12 13
2 13 14
2 14 15
2 15 16
2 16 17
2 17 18
2 18 19
2 19 20
2 20 21
2 21 22
2 22 23
2 23 24
2 24 25
2 25 26
2 26 27
2 27 28
2 28 29
2 29 30
2 30 31
2 31 32
2 32 33
2 33 34
2 34 35
2 35 36
2 36 37
2 37 38
2 38 39
2 39 40
2 40 41
2 41 42
2 42 43
2 43 44
2 44 45
2 45 46
2 46 47
2 47 48
2 48 49
2 49 50
2 50 51
2 51 52
2 52 53
2 53 54
2 54 55
2 55 56
2 56 57
2 57 58
2 58 59
2 59 60
2 60 61
2 61 62
2 62 63
2 63 64
2 64 65
2 65 66
2 66 67
2 67 0
3 112 247 341
3 341 417 112
3 310 272 111
3 206 269 483
3 350 307 258
3 171 398 261
3 140 141 343
3 137 186 480
3 70 186 137
3 163 464 462
3 163 462 501
3 345 245 168
3 153 221 346
3 280 414 209
3 169 411 180
3 354 141 140
3 180 411 482
3 171 261 498
3 194 428 220
3 338 292 101
3 80 272 310
3 107 288 486
3 107 260 74
3 486 260 107
3 342 191 158
3 158 191 503
3 462 464 132
3 146 387 221
3 245 395 162
3 494 280 209
3 200 285 76
3 176 233 17
3 13 232 179
3 118 239 68
3 200 405 285
3 138 453 506
3 493 326 118
3 101 211 338
3 220 428 482
3 17 233 16
3 14 232 13
3 221 387 346
3 345 395 245
3 83 189 161
3 161 189 496
3 255 372 344
3 73 297 228
3 134 155 479
3 149 307 350
3 93 269 206
3 78 186 159
3 346 378 153
3 168 369 345
3 338 458 361
3 71 240 114
3 144 283 493
3 141 237 343
3 343 237 130
3 78 235 139
3 119 238 340
3 134 217 505
3 506 251 138
3 16 233 15
3 74 270 107
3 172 255 344
3 194 220 77
3 505 434 134
3 148 194 77
3 493 271 144
3 233 448 15
3 114 273 71
3 238 246 477
3 503 248 158
3 139 362 502
3 200 268 105
3 142 285 91
3 211 458 338
3 141 226 476
3 106 274 267
3 136 145 490
3 336 145 136
3 506 453 177
3 335 426 212
3 180 322 169
3 203 297 73
3 349 300 164
3 129 301 353
3 238 377 246
3 497 357 251
3 337 335 212
3 343 304 140
3 140 314 354
3 340 318 119
3 486 288 130
3 68 271 118
3 118 271 493
3 108 281 244
3 496 181 161
3 161 430 69
3 20 142 19
3 504 266 167
3 134 380 155
3 502 274 165
3 87 294 207
3 502 276 139
3 139 276 78
3 155 380 507
3 101 364 290
3 71 187 160
3 509 268 200
3 177 225 85
3 196 306 508
3 496 215 143
3 347 242 164
3 164 439 349
3 155 314 479
3 128 314 155
3 196 372 306
3 350 183 158
3 251 357 138
3 251 460 497
3 330 359 107
3 192 331 120
3 115 331 192
3 96 332 174
3 174 332 94
3 388 471 477
3 354 322 180
3 70 358 159
3 221 381 146
3 245 400 168
3 162 384 245
3 153 392 221
3 159 186 70
3 294 475 207
3 131 174 349
3 353 192 151
3 201 196 74
3 344 196 201
3 477 471 238
3 261 370 498
3 498 370 201
3 355 231 193
3 336 249 188
3 178 230 339
3 175 227 351
3 352 241 197
3 173 229 348
3 172 370 113
3 505 217 154
3 132 464 310
3 189 222 347
3 83 222 189
3 160 187 68
3 261 398 88
3 477 246 182
3 203 191 342
3 73 191 203
3 267 274 502
3 69 218 161
3 118 326 210
3 109 359 330
3 104 414 280
3 217 304 109
3 165 276 502
3 184 237 476
3 487 275 157
3 106 406 283
3 503 422 248
3 349 375 300
3 301 413 353
3 159 390 78
3 86 254 150
3 161 424 83
3 129 215 347
3 120 331 250
3 243 332 96
3 158 248 350
3 285 416 91
3 194 412 124
3 72 225 177
3 310 368 132
3 227 419 351
3 352 363 241
3 229 373 348
3 165 274 79
3 490 204 136
3 484 208 166
3 147 170 485
3 154 217 109
3 479 217 134
3 68 433 160
3 132 368 93
3 476 237 141
3 510 332 243
3 250 331 499
3 497 299 157
3 314 322 354
3 155 407 128
3 244 425 108
3 106 283 234
3 244 281 495
3 93 462 132
3 12 286 11
3 234 289 106
3 478 289 234
3 226 302 476
3 90 253 295
3 290 364 342
3 344 370 172
3 194 467 412
3 258 307 126
3 361 458 125
3 110 294 198
3 501 408 163
3 343 359 304
3 12 394 286
3 81 283 144
3 130 247 486
3 160 391 71
3 101 290 211
3 507 233 176
3 179 232 505
3 190 407 155
3 507 190 155
3 266 382 167
3 480 320 148
3 101 292 199
3 251 310 111
3 336 432 249
3 355 438 231
3 230 420 339
3 484 445 131
3 151 459 485
3 215 404 143
3 98 372 255
3 181 417 341
3 181 430 161
3 224 280 494
3 510 278 214
3 156 455 84
3 78 399 186
3 354 226 141
3 219 358 70
3 147 465 339
3 355 452 166
3 260 282 74
3 224 387 280
3 278 395 214
3 150 256 86
3 487 389 156
3 164 402 347
3 347 402 129
3 127 236 207
3 207 236 491
3 136 432 336
3 339 420 147
3 166 438 355
3 295 253 501
3 137 305 70
3 208 291 123
3 484 291 208
3 126 307 145
3 145 307 490
3 204 262 117
3 490 262 204
3 143 417 496
3 112 417 143
3 131 445 174
3 192 459 151
3 158 423 342
3 84 275 156
3 156 275 487
3 248 422 119
3 353 404 129
3 45 173 44
3 57 175 56
3 1 178 0
3 5 197 4
3 49 188 48
3 61 193 60
3 157 275 298
3 77 421 137
3 195 362 139
3 481 402 300
3 301 402 481
3 300 402 164
3 129 402 301
3 82 214 185
3 202 224 86
3 165 320 480
3 79 320 165
3 20 313 142
3 340 262 149
3 338 291 131
3 485 308 151
3 349 292 131
3 26 390 159
3 159 358 26
3 151 317 353
3 350 318 149
3 76 456 135
3 479 304 217
3 222 242 347
3 488 290 183
3 130 288 343
3 310 464 80
3 246 357 182
3 182 296 477
3 84 296 182
3 90 277 302
3 180 226 354
3 75 226 180
3 144 469 487
3 507 380 233
3 336 244 145
3 228 297 83
3 82 257 214
3 213 223 85
3 73 223 213
3 353 317 143
3 142 313 76
3 148 334 480
3 77 334 148
3 85 225 213
3 480 399 165
3 239 433 68
3 76 285 142
3 40 252 152
3 118 435 239
3 495 378 202
3 185 369 499
3 184 473 237
3 137 334 77
3 480 334 137
3 272 327 111
3 199 242 489
3 140 304 479
3 479 314 140
3 223 228 483
3 73 228 223
3 347 215 189
3 199 292 349
3 302 277 476
3 191 213 503
3 73 213 191
3 121 282 260
3 232 434 505
3 144 365 81
3 208 209 351
3 123 209 208
3 170 171 95
3 352 171 170
3 117 205 204
3 204 205 348
3 91 319 142
3 142 319 19
3 85 216 177
3 145 329 126
3 36 391 160
3 87 437 198
3 105 411 287
3 90 295 206
3 160 433 36
3 483 269 223
3 110 376 294
3 487 365 144
3 122 406 267
3 189 215 496
3 323 465 147
3 166 452 321
3 157 298 497
3 326 406 122
3 281 378 495
3 499 369 264
3 212 247 112
3 177 216 506
3 478 272 167
3 167 272 80
3 45 229 173
3 57 227 175
3 197 241 4
3 1 230 178
3 193 231 60
3 188 249 48
3 287 411 169
3 113 379 172
3 167 382 478
3 485 323 147
3 166 321 484
3 497 298 182
3 154 330 508
3 109 330 154
3 254 454 150
3 179 394 13
3 78 390 235
3 346 224 202
3 185 214 345
3 9 172 8
3 135 316 76
3 204 373 136
3 147 363 170
3 208 419 166
3 167 415 504
3 157 299 81
3 152 429 40
3 203 364 489
3 497 460 299
3 289 274 106
3 224 279 86
3 348 373 204
3 170 363 352
3 351 419 208
3 248 318 350
3 489 297 203
3 22 356 135
3 290 423 183
3 165 399 276
3 214 257 510
3 133 427 374
3 276 399 78
3 135 456 22
3 71 391 240
3 499 264 250
3 250 264 97
3 99 278 243
3 243 278 510
3 80 415 167
3 182 298 84
3 103 443 135
3 135 356 103
3 213 225 503
3 309 388 127
3 499 312 185
3 185 312 82
3 206 295 93
3 478 327 272
3 482 293 180
3 180 293 75
3 122 447 210
3 505 401 179
3 179 401 116
3 313 456 76
3 133 388 309
3 100 419 227
3 241 363 89
3 92 373 229
3 74 282 201
3 311 264 168
3 97 264 311
3 315 278 99
3 162 278 315
3 153 281 265
3 265 281 108
3 284 280 146
3 104 280 284
3 252 437 87
3 119 318 248
3 143 468 112
3 244 329 145
3 41 252 40
3 30 324 195
3 490 307 149
3 131 291 484
3 149 262 490
3 151 308 337
3 284 381 54
3 311 400 66
3 63 384 315
3 51 392 265
3 131 292 338
3 489 242 222
3 338 361 291
3 148 467 194
3 487 469 187
3 13 394 12
3 377 422 72
3 279 254 86
3 125 254 279
3 337 317 151
3 350 258 183
3 236 296 84
3 127 296 236
3 175 414 104
3 88 398 197
3 222 297 489
3 113 261 303
3 303 261 88
3 149 318 340
3 485 449 308
3 85 269 216
3 102 448 233
3 156 389 273
3 247 473 341
3 130 473 247
3 481 259 301
3 197 410 88
3 110 409 173
3 415 412 504
3 171 403 95
3 498 403 171
3 105 268 220
3 152 252 87
3 121 426 335
3 46 229 45
3 58 227 57
3 4 241 3
3 60 231 59
3 2 230 1
3 48 249 47
3 198 294 87
3 116 306 286
3 286 306 98
3 486 247 212
3 157 365 487
3 75 302 226
3 351 414 175
3 197 398 352
3 87 325 152
3 83 297 222
3 233 380 102
3 235 466 139
3 273 389 71
3 216 269 93
3 173 409 44
3 5 410 197
3 81 365 157
3 489 450 199
3 199 450 101
3 173 396 110
3 38 240 37
3 193 366 99
3 188 418 108
3 97 367 178
3 104 360 175
3 506 368 310
3 69 463 218
3 25 219 24
3 187 389 487
3 65 245 64
3 53 221 52
3 476 277 184
3 71 389 187
3 508 451 154
3 123 383 209
3 209 383 494
3 72 422 225
3 124 428 194
3 488 454 254
3 148 320 266
3 483 463 206
3 340 374 262
3 154 401 505
3 348 396 173
3 143 404 353
3 182 357 497
3 218 424 161
3 178 367 0
3 61 366 193
3 49 418 188
3 175 360 56
3 99 436 193
3 178 431 97
3 163 412 415
3 86 256 202
3 202 256 495
3 374 427 117
3 256 329 495
3 494 279 224
3 108 425 188
3 55 284 54
3 67 311 66
3 51 265 50
3 63 315 62
3 93 368 216
3 28 235 27
3 196 270 74
3 508 270 196
3 35 239 34
3 324 447 122
3 268 421 77
3 42 470 198
3 174 375 349
3 353 413 192
3 223 269 85
3 228 424 483
3 341 430 181
3 328 463 69
3 31 324 30
3 146 381 284
3 168 400 311
3 315 384 162
3 265 392 153
3 207 475 127
3 184 430 341
3 7 303 6
3 40 429 39
3 186 399 480
3 211 290 488
3 198 470 110
3 90 302 253
3 76 316 200
3 102 434 232
3 341 473 184
3 504 467 266
3 266 467 148
3 256 442 329
3 84 455 236
3 198 437 42
3 206 328 90
3 506 310 251
3 188 425 336
3 491 325 207
3 207 325 87
3 285 405 492
3 120 459 192
3 174 445 96
3 17 457 176
3 339 431 178
3 193 436 355
3 192 413 115
3 94 375 174
3 283 406 493
3 364 450 489
3 195 441 30
3 105 405 200
3 349 439 199
3 184 277 69
3 220 268 77
3 32 461 210
3 176 457 91
3 301 259 115
3 122 362 195
3 263 259 481
3 483 424 218
3 481 300 263
3 263 300 94
3 271 469 144
3 7 379 303
3 128 322 314
3 9 255 172
3 21 313 20
3 249 432 92
3 231 438 100
3 89 420 230
3 91 397 176
3 176 397 507
3 94 257 263
3 263 257 82
3 125 383 361
3 177 453 72
3 172 379 8
3 195 324 122
3 201 282 498
3 342 364 203
3 200 316 509
3 68 469 271
3 270 330 107
3 246 377 72
3 133 471 388
3 116 394 179
3 138 357 246
3 210 326 122
3 10 255 9
3 111 327 299
3 79 382 266
3 139 441 195
3 478 382 289
3 309 427 133
3 253 333 501
3 250 465 120
3 96 452 243
3 81 327 234
3 187 469 68
3 15 448 14
3 210 447 32
3 210 461 118
3 183 454 488
3 205 427 500
3 117 427 205
3 287 407 492
3 240 446 114
3 303 379 113
3 126 442 258
3 258 442 150
3 183 423 158
3 492 407 190
3 201 370 344
3 37 391 36
3 299 327 81
3 107 359 288
3 27 390 26
3 14 448 232
3 335 403 121
3 304 359 109
3 26 358 25
3 317 468 143
3 507 397 190
3 190 416 492
3 295 462 93
3 253 302 75
3 199 439 242
3 23 356 22
3 36 433 35
3 152 472 429
3 33 461 32
3 72 453 246
3 246 453 138
3 30 441 29
3 22 456 21
3 219 371 24
3 345 369 185
3 202 378 346
3 245 384 64
3 221 392 52
3 65 400 245
3 53 381 221
3 18 457 17
3 43 470 42
3 496 417 181
3 500 475 294
3 205 396 348
3 119 422 377
3 344 372 196
3 69 430 184
3 312 259 82
3 82 259 263
3 291 361 123
3 19 319 18
3 500 376 205
3 209 414 351
3 352 398 171
3 239 435 34
3 286 394 116
3 28 466 235
3 238 471 340
3 115 259 312
3 429 472 114
3 306 372 98
3 170 449 485
3 279 383 125
3 119 377 238
3 234 283 81
3 113 370 261
3 95 449 170
3 495 329 244
3 79 274 289
3 237 473 130
3 361 383 123
3 129 404 215
3 273 455 156
3 111 460 251
3 137 421 305
3 287 405 105
3 75 333 253
3 11 474 10
3 83 424 228
3 220 411 105
3 212 468 337
3 112 468 212
3 56 360 55
3 62 366 61
3 0 367 67
3 50 418 49
3 216 368 506
3 58 393 227
3 227 393 100
3 229 385 92
3 46 385 229
3 89 386 241
3 241 386 3
3 230 386 89
3 92 385 249
3 2 386 230
3 100 393 231
3 249 385 47
3 231 393 59
3 298 275 84
3 287 444 407
3 257 332 510
3 499 331 312
3 44 409 43
3 6 410 5
3 266 320 79
3 258 454 183
3 127 475 309
3 95 403 335
3 492 416 285
3 339 465 250
3 243 452 355
3 293 333 75
3 333 408 501
3 488 458 211
3 299 460 111
3 346 387 224
3 214 395 345
3 38 446 240
3 336 425 244
3 267 362 122
3 294 376 500
3 234 327 478
3 97 431 250
3 243 436 99
3 250 431 339
3 355 436 243
3 412 467 504
3 240 391 37
3 491 455 273
3 127 388 296
3 212 426 486
3 312 331 115
3 94 332 257
3 219 440 371
3 24 371 23
3 8 379 7
3 482 411 220
3 42 437 41
3 342 423 290
3 121 403 282
3 66 400 65
3 64 384 63
3 52 392 51
3 54 381 53
3 225 422 503
3 39 446 38
3 124 333 293
3 59 393 58
3 3 386 2
3 47 385 46
3 235 390 27
3 34 435 33
3 88 410 303
3 303 410 6
3 32 447 31
3 25 358 219
3 296 388 477
3 29 466 28
3 135 443 316
3 262 374 117
3 242 439 164
3 150 454 258
3 305 421 509
3 289 382 79
3 308 335 337
3 95 335 308
3 286 474 11
3 508 330 270
3 267 406 106
3 492 405 287
3 91 457 319
3 273 472 491
3 114 472 273
3 218 463 483
3 90 328 277
3 300 375 94
3 115 413 301
3 277 328 69
3 509 443 305
3 305 443 103
3 70 440 219
3 110 470 409
3 35 433 239
3 502 362 267
3 288 359 343
3 232 448 102
3 116 451 306
3 67 367 311
3 55 360 284
3 315 366 62
3 265 418 50
3 100 438 419
3 419 438 166
3 147 420 363
3 363 420 89
3 373 432 136
3 92 432 373
3 10 474 255
3 280 387 146
3 162 395 278
3 305 440 70
3 103 440 305
3 494 383 279
3 236 455 491
3 153 378 281
3 264 369 168
3 509 421 268
3 501 462 295
3 99 366 315
3 311 367 97
3 108 418 265
3 284 360 104
3 282 403 498
3 493 406 326
3 416 397 91
3 190 397 416
3 293 428 124
3 482 428 293
3 401 451 116
3 325 472 152
3 255 474 98
3 21 456 313
3 371 440 103
3 169 444 287
3 124 408 333
3 415 464 163
3 80 464 415
3 260 426 121
3 486 426 260
3 150 442 256
3 356 371 103
3 23 371 356
3 41 437 252
3 134 434 380
3 380 434 102
3 500 427 309
3 98 474 286
3 408 412 163
3 124 412 408
3 323 459 120
3 96 445 321
3 308 449 95
3 101 450 364
3 125 458 254
3 254 458 488
3 309 475 500
3 306 451 508
3 154 451 401
3 128 444 322
3 322 444 169
3 407 444 128
3 376 396 205
3 319 457 18
3 491 472 325
3 206 463 328
3 316 443 509
3 485 459 323
3 321 445 484
3 337 468 317
3 31 447 324
3 110 396 376
3 120 465 323
3 321 452 96
3 429 446 39
3 329 442 126
3 340 471 374
3 374 471 133
3 118 461 435
3 466 441 139
3 409 470 43
3 435 461 33
3 114 446 429
3 29 441 466

CELL_TYPES 1021
1
3
3
3
3
3
3
3
3
3
3
3
3
3
3
3
3
3
3
3
3
3
3
3
3
3
3
3
3
3
3
3
3
3
3
3
3
3
3
3
3
3
3
3
3
3
3
3
3
3
3
3
3
3
3
3
3
3
3
3
3
3
3
3
3
3
3
3
3
5
5
5
5
5
5
5
5
5
5
5
5
5
5
5
5
5
5
5
5
5
5
5
5
5
5
5
5
5
5
5
5
5
5
5
5
5
5
5
5
5
5
5
5
5
5
5
5
5
5
5
5
5
5
5
5
5
5
5
5
5
5
5
5
5
5
5
5
5
5
5
5
5
5
5
5
5
5
5
5
5
5
5
5
5
5
5
5
5
5
5
5
5
5
5
5
5
5
5
5
5
5
5
5
5
5
5
5
5
5
5
5
5
5
5
5
5
5
5
5
5
5
5
5
5
5
5
5
5
5
5
5
5
5
5
5
5
5
5
5
5
5
5
5
5
5
5
5
5
5
5
5
5
5
5
5
5
5
5
5
5
5
5
5
5
5
5
5
5
5
5
5
5
5
5
5
5
5
5
5
5
5
5
5
5
5
5
5
5
5
5
5
5
5
5
5
5
5
5
5
5
5
5
5
5
5
5
5
5
5
5
5
5
5
5
5
5
5
5
5
5
5
5
5
5
5
5
5
5
5
5
5
5
5
5
5
5
5
5
5
5
5
5
5
5
5
5
5
5
5
5
5
5
5
5
5
5
5
5
5
5
5
5
5
5
5
5
5
5
5
5
5
5
5
5
5
5
5
5
5
5
5
5
5
5
5
5
5
5
5
5
5
5
5
5
5
5
5
5
5
5
5
5
5
5
5
5
5
5
5
5
5
5
5
5
5
5
5
5
5
5
5
5
5
5
5
5
5
5
5
5
5
5
5
5
5
5
5
5
5
5
5
5
5
5
5
5
5
5
5
5
5
5
5
5
5
5
5
5
5
5
5
5
5
5
5
5
5
5
5
5
5
5
5
5
5
5
5
5
5
5
5
5
5
5
5
5
5
5
5
5
5
5
5
5
5
5
5
5
5
5
5
5
5
5
5
5
5
5
5
5
5
5
5
5
5
5
5
5
5
5
5
5
5
5
5
5
5
5
5
5
5
5
5
5
5
5
5
5
5
5
5
5
5
5
5
5
5
5
5
5
5
5
5
5
5
5
5
5
5
5
5
5
5
5
5
5
5
5
5
5
5
5
5
5
5
5
5
5
5
5
5
5
5
5
5
5
5
5
5
5
5
5
5
5
5
5
5
5
5
5
5
5
5
5
5
5
5
5
5
5
5
5
5
5
5
5
5
5
5
5
5
5
5
5
5
5
5
5
5
5
5
5
5
5
5
5
5
5
5
5
5
5
5
5
5
5
5
5
5
5
5
5
5
5
5
5
5
5
5
5
5
5
5
5
5
5
5
5
5
5
5
5
5
5
5
5
5
5
5
5
5
5
5
5
5
5
5
5
5
5
5
5
5
5
5
5
5
5
5
5
5
5
5
5
5
5
5
5
5
5
5
5
5
5
5
5
5
5
5
5
5
5
5
5
5
5
5
5
5
5
5
5
5
5
5
5
5
5
5
5
5
5
5
5
5
5
5
5
5
5
5
5
5
5
5
5
5
5
5
5
5
5
5
5
5
5
5
5
5
5
5
5
5
5
5
5
5
5
5
5
5
5
5
5
5
5
5
5
5
5
5
5
5
5
5
5
5
5
5
5
5
5
5
5
5
5
5
5
5
5
5
5
5
5
5
5
5
5
5
5
5
5
5
5
5
5
5
5
5
5
5
5
5
5
5
5
5
5
5
5
5
5
5
5
5
5
5
5
5
5
5
5
5
5
5
5
5
5
5
5
5
5
5
5
5
5
5
5
5
5
5
5
5
5
5
5
5
5
5
5
5
5
5
5
5
5
5
5
5
5
5
5
5
5
5
5
5
5
5
5
5
5
5
5
5
5
5
5
5
5
5
5
5
5
5
5
5
5
5
5
5
5
5
5
5
5
5
5
5
5
5
5
5
5
5
5
5
5
5
5
5
5
5
5
5
5
5
5
5
5
5
5
5
5
5
5
5
5
5
5
5
5
5
5
5
5
5
5
5
5
5
5
5
5
5
5
5
5
5
5
5
5
5
5
5
5
5
5
5
5
5
5
5
5
5
5
5
5
5
5
5
5
5
5
5
5
5
5
5
5
5
5
5
5
5
5
5
5
5
5
5
5
5
5
5
5
5
5
5
5
5
5
5
5
5
5
5
5
5
5
5
5
5
5
5
5
5
5
5
5
5
